.3518519
.2566138
.3742608
.2035684
.3265842
.35806
.4526581
.372369
.3490965
.2869192
.4173527
.3738993
.4621209
.3236575
.3098721
.2401491
.1624882
.1808331
.1707028
.1938816
.1717625
.152043
.1589791
.1655422
.1688598
.1411447
.1052314
.0899673
.0879363
.089547
.0993757
.0938712
.0807774
.0659602
.0608746
.0529818
.0490531
.0446469
.0381243
.0345432
.0309212
.0296975
.0288661
.0258351
.0263586
.0195611
.0211645
.0196454
.0231874
.0211679
.0207764
.0193433
.0170842
.0145551
.0144254
.0141828
.0149668
.0137754
.0136547
.0098286
.0086544
.0076316
.0087786
.0079429
.0069499
.0123086
.0110291
.0103748
.0046777
.0088339
.0104153
.0103249
.0070915
.0054192
.0048067
.0042702
.0044069
.005331
.0064643
.0057863
.0048383
.0028477
.0031622
.0030627
.0039306
.0039807
.0037741
.0023907
.0018981
.0011775
.0023937
.0020961
.0024271
.0026056
.0028719
.002472
.0013252
.0012399
.0014445
.0016286
.0015846
.0014177
.0016412
.0013931
.001616
.0014701
.0017945
.0016081
.0015245
.0010556
.0007705
.0006278
.0011939
.0013749
.0015551
.0010887
.0007858
.0004428
.0003218
.0007036
.000904
.0008034
.0006219
.0003208
.0003608
.0002203
.0006207
.0006206
.0008202
.0005196
.0004996
.0004392
.0005587
.0005985
.0004585
.0002989
.0003585
.0004181
.0003981
.0003382
.0003579
.0003579
.0004571
.0002583
.0003575
.0001787
.0001985
.0000992
.0000794
.0000595
0
0
.0000198
.0000198
.0000198
.0000794
.0000992
.0002579
.000238
.000238
.0001784
.000218
.0001982
.0001585
.0000792
.0000792
.0000198
0
.0000396
.0000594
.0000792
.000099
.0000792
.0000594
.0000792
.0001188
.0002375
.0001583
.0001978
.0000989
.0000989
.0000198
0
.0000593
.0000593
.0001186
.0000988
.0001384
.0001186
.0000988
.0001778
.0001581
.0001976
.0001975
.0002172
.0002172
.0001184
.0001579
.0000987
.0001381
.0000986
.0001381
.0001183
.0000986
.0000986
.0002366
.0003154
.0002956
.0001576
.0000591
.0002363
.0002363
.000315
.0002165
.0002164
.0001967
.000177
.000236
.0002556
.0002752
.0002162
.0001768
.0000786
.0001375
.0001178
.0001375
.0000785
.0001178
.000157
.0002355
.0005101
.0009607
.0009799
.0009007
.0008016
.0007817
.0008982
.0008776
.0013251
.0010904
.0016913
.001611
.0018037
.0019336
.0023545
.0031204
.0029185
.003407
.0033388
.0032918
.0041098
.0048859
.0066101
.0068263
.0070106
.0065545
.0059258
.0062705
.006859
.0083891
.0081375
.0081771
.0079925
.0076164
.0083076
.0082475
.0093143
.0087698
.0084754
.0084061
.0077654
.0079757
.0077522
.0087633
.0086073
.0079834
.0067903
.007149
.0090925
.0096397
.0116285
.0099964
.0089821
.0058297
.0044747
.0046987
.0036504
.0053028
.0053305
.005541
.0051062
.0041677
.0045577
.0040022
.0040049
.0032411
.0032131
.0029438
.0026767
.0024877
.0031491
.003496
.0036585
.00281
.0025607
.0017053
.0018768
.0022872
.0028558
.0032615
.0032247
.0025677
.0018618
.0016456
.002378
.002467
.0033879
.0029991
.003319
.0023841
.0022622
.0021541
.0022774
.0024519
.002792
.0026952
.002396
.0021225
.0021299
.0022525
.0022602
.0027323
.0025889
.0024332
.0020868
.0023073
.0028248
.0028167
.0027608
.0019639
.0016508
.0017086
.0019766
.0018261
.0016143
.0016603
.0018769
.0019345
.0019915
.0017575
.0017905
.0016905
.0019529
.0015528
.0014062
.0011275
.0012224
.0014599
.0013983
.0014922
.0014297
.0015706
.0016397
.0014947
.0014805
.0015254
.0016531
.0015681
.0015067
.0015745
.0018419
.0020379
.0021039
.002181
.0018746
.0017662
.0017158
.0021413
.0024716
.0027651
.0027126
.0024764
.0023547
.0025201
.002719
.0028588
.0028397
.0028208
.0027896
.0027486
.0029757
.0031891
.0034358
.0034355
.0033349
.0030497
.0029083
.0027131
.0029785
.0033929
.0035131
.0034694
.0028863
.002706
.0022276
.0025955
.0031094
.0035168
.0032092
.0026383
.0023157
.002446
.0025237
.00255
.0024697
.0023491
.002334
.0017908
.0017145
.0017935
.0019867
.00188
.0016405
.0014845
.0012165
.0012656
.0013456
.0014358
.0013014
.0013503
.0011765
.0010435
.0009307
.0010209
.0010906
.000928
.0010379
.0010167
.0009958
.000864
.0008933
.0007925
.0007216
.0005808
.0006305
.0005301
.0006197
.0006893
.0007788
.0005787
.0004587
.0003289
.0002889
.0003286
.0003883
.0007264
.0008452
.000825
.0004668
.0003076
.0002678
.0003174
.0002578
.000228
.0002279
.000317
.000317
.0003268
.0002672
.0002672
.0002078
.0002374
.0002373
.0002175
.000168
.0001581
.000168
.0001087
.0000889
.0000691
.0000889
.0000691
.000079
.000079
.0000889
.0001086
.0000888
.000079
.0000592
.0000592
.0000691
.0000395
.0000493
.0000395
.0000395
.0000592
.0000493
.0000592
.0000395
.000069
.000069
.0000493
.0000394
.0000296
.0000197
.0000197
.0000592
.000069
.0000592
.0000197
.0000394
.0000394
.0000493
.0000197
.0000197
.0000197
.0000296
.0000296
.0000493
.0000493
.0000788
.0000493
.0000394
.0000296
.000069
.0000788
.0000591
.0000296
.0000296
.0000296
.0000591
.000069
.0000788
.0000886
.0001083
.0000985
.0000788
.0000591
.0001181
.0001181
.000128
.0000886
.0000787
.0000492
.0000885
.0001181
.0001771
.0001377
.0001672
.0001573
.0001376
.0000786
.0000885
.0001179
.0001179
.0000786
.0000589
.0000688
.0000589
.0000982
.0000884
.0000982
.0000687
.0000786
.0000884
.0001178
.0001472
.0002061
.0001668
.0001276
.0000491
.0000392
.0001079
.0001373
.0001569
.0001177
.0001569
.0002254
.0002156
.000196
.0001469
.0001469
.0001665
.0001273
.0001273
.0001077
.0001664
.0001468
.0001468
.0001076
.000137
.0000978
.0001174
.0000978
.0001271
.000176
.0001857
.0001368
.0000586
.0000684
.0001368
.0001563
.0001172
.0000879
.0000684
.0000977
.0000684
.0000781
.0000391
.0000586
.0000683
.0000976
.0001074
.0000976
.0000683
.0001268
.0002439
.0003121
.0002536
.0001365
.0000682
.0000682
.0000877
.0001462
.0001656
.0002435
.0002338
.0002045
.0001266
.0002044
.000253
.0002433
.0001654
.000107
.000175
.0001945
.0003014
.000311
.0003109
.0003205
.0002524
.0002621
.0002717
.0004559
.000543
.0005428
.000494
.0004067
.0004065
.0003096
.0004738
.0005219
.0006377
.0005986
.0005018
.0005208
.0005109
.0006936
.0006643
.0007216
.000673
.0006534
.0007873
.0007196
.000748
.000795
.0008998
.0010617
.000774
.0006207
.0005247
.0006483
.0008766
.0009615
.0008277
.0009124
.0007407
.00093
.0009477
.0012026
.0014376
.0011811
.0011041
.0011211
.0014495
.0019453
.0018577
.0024157
.0022791
.0023222
.0019992
.0018745
.0019917
.0024486
.0029683
.0030725
.0024763
.0021578
.0020438
.0021036
.0024251
.0024837
.002605
.0020475
.0020343
.0017515
.0016412
.0020758
.0022509
.002479
.0020182
.0019521
.0017184
.0013178
.0013594
.0014457
.0015852
.0011607
.001308
.0012014
.0011218
.0008922
.0011185
.0013882
.0011948
.0010015
.001035
.0009388
.0010073
.0009799
.0009881
.0009696
.0007351
.0008124
.000639
.0007421
.0008191
.000896
.0008866
.0008256
.0006275
.0004552
.000412
.0004976
.0006517
.0005914
.0005397
.0003852
.0003252
.0004106
.000513
.0005641
.0005126
.0004183
.0004182
.0004009
.0005627
.0005965
.0005793
.0004086
.0002978
.0003658
.0004421
.000544
.0004248
.0003312
.0004583
.0005176
.0005683
.0003729
.0004998
.0006435
.0006855
.0006174
.000431
.0005069
.0004559
.000557
.0005314
.0006912
.0007245
.0007661
.0005133
.0004709
.0004874
.0007559
.0009148
.0008555
.000704
.0005275
.0005523
.0004768
.00051
.0004595
.0007599
.0008011
.0008174
.000525
.0004497
.0005077
.0005491
.0005488
.000482
.0006395
.0005562
.0005808
.0004643
.0005387
.0005301
.0005216
.0005627
.0004632
.000529
.0004379
.000545
.000355
.0002641
.0001155
.0003381
.0005276
.000651
.0005106
.0003622
.0003291
.0002632
.0002303
.0002302
.0002301
.0002794
.0001561
.0002136
.0001889
.0002135
.0002873
.0003118
.000361
.0002788
.0002378
.0002705
.0001721
.0001803
.0001065
.0001638
.0001392
.0001883
.0002047
.0001883
.0002128
.0002045
.0002863
.000278
.0003025
.0002779
.0002369
.0002532
.0003021
.0002939
.0003754
.0002856
.0002774
.0001875
.0002935
.0003016
.0004399
.0003421
.0005292
.000415
.0004881
.0004715
.0005688
.0006984
.0006817
.0005597
.0005431
.0004456
.0006882
.000712
.0008653
.0007514
.0006056
.0008954
.0008546
.0010474
.0008527
.0008763
.0007712
.0006019
.0006256
.0005932
.0006409
.0007604
.0009119
.0009192
.0007826
.0006304
.0004785
.0005499
.0007407
.0008359
.000708
.0004372
.0003416
.00027
.0003176
.0003889
.0004918
.0005471
.0004993
.000499
.0004038
.0004353
.0003876
.0004349
.0003952
.0003635
.0002844
.0002132
.0002052
.0003315
.0004182
.0003707
.0002208
.0001892
.0002128
.0003151
.0003387
.0003229
.0002598
.0001889
.0001967
.0001495
.000173
.000173
.0002437
.000228
.0002122
.0001964
.0001807
.0002199
.0002513
.000314
.0002825
.0002432
.0002902
.0002745
.0002195
.0001567
.0001881
.0002664
.0002663
.0002662
.0002036
.0002348
.0002817
.0003911
.0003675
.0003361
.0002969
.0002734
.0003046
.0004996
.0006009
.000624
.0004287
.0004518
.0004361
.0005371
.0005523
.0006531
.0006139
.0005126
.0004812
.0004887
.0005738
.0005502
.0005732
.0005341
.000557
.0005644
.0004715
.0004249
.0004478
.0006791
.0007327
.0006629
.0004699
.0004542
.0003847
.0004923
.0004536
.0005303
.0004608
.000476
.000445
.0005215
.0005289
.0006053
.0004901
.0004669
.0004819
.0005199
.0005273
.0005652
.0006031
.0005951
.0004727
.0005791
.0005408
.000708
.000677
.0008438
.0006989
.0004935
.0006448
.0006672
.0009321
.0007569
.0007414
.0004612
.0002796
.0003323
.000536
.000747
.0009349
.0010019
.000971
.0007219
.0006236
.0005331
.0007203
.0008772
.0010265
.0007114
.0003742
.0000972
.0006503
.0007473
.0011052
.0008202
.0008571
.0007073
.0006472
.0005577
.000639
.000505
.0006236
.0003338
.000267
.0002224
.000289
.0005038
.0005184
.000644
.0004143
.0003254
.00017
.0002586
.000266
.0002733
.0002215
.000155
.0000812
.0001476
.0001624
.0001919
.0000885
.0001106
.0000959
.0000885
.0004793
.0011199
.0012007
.0008465
.0002351
.0001469
.0000808
.0001395
.0001616
.0001836
.0000954
.0001028
.0000587
.0000367
.0000367
.0000881
.0003668
.0003961
.0004107
.0001319
.000066
.0000586
.0000952
.0001539
.0001831
.0001611
.0001099
.0001904
.000205
.0002123
.0000512
.0001024
.0001317
.0001536
.000117
.0001097
.0000951
.0001389
.0001608
.0001827
.0001608
.0001681
.0001826
.0001534
.0001242
.0001168
.0001314
.0001241
.0001241
.0001387
.0001387
.0001824
.0001459
.0001824
.000124
.000124
.0000948
.0000656
.0001094
.0001531
.0001895
.0001457
.0000656
.0000583
.0000656
.0000801
.0000583
.000051
.0000364
.0000291
.0000218
.0000437
.0000655
.0000655
.0000655
.0000437
.0000218
.0000218
.0003203
.0003639
.0003566
.0001236
.0001454
.0001309
.0000654
.0000291
.0000581
.0001236
.0001526
.0001599
.000109
.0000581
.0000654
.0000654
.000138
.0001743
.0002106
.0001597
.0001089
.0000581
.0000581
.0000871
.0001451
.0001596
.0001233
.0000943
.0000943
.0001015
.0001015
.0000797
.0000797
.000087
.0000725
.0000435
.0000362
.0000797
.0000942
.0000942
.0000435
.0000507
.0000435
.0000797
.0001086
.0001014
.0000724
.0000217
.0000145
.0000217
.0000434
.0000579
.0000652
.0000507
.000029
.000029
.0000217
.0000507
.0000362
.0000579
.0000579
.0000507
.0000289
0
.0000145
.0000217
.0000362
.0000289
.0000289
.0000145
7.24e-06
0
.0000145
.0000289
.0000289
.0000289
.0000217
.0000217
.0000145
7.23e-06
.0000145
.0000217
.0000217
.0000362
.0000217
.0000217
.0000145
.0000145
.0000145
0
7.23e-06
7.23e-06
7.23e-06
7.23e-06
7.23e-06
7.23e-06
0
7.23e-06
7.23e-06
7.23e-06
0
0
0
0
7.23e-06
.0000217
.0000289
.0000434
.0000434
.0000434
.0000289
.0000145
.0000145
.0000217
.0000362
.0000506
.0000506
.0000651
.0000578
.0000434
.0000361
.0000289
.0000289
.0000145
7.23e-06
.0000217
.0000289
.0000578
.0000578
.0000506
.000065
.0000578
.0000578
.0000144
.0000289
.0000433
.0000433
.0000506
.0000433
.0000722
.0000433
.0000506
.0000506
.0000722
.000065
.000065
.000065
.0000578
.0000578
.0000794
.0000794
.0000505
.0000144
.0000433
.0000433
.0000866
.0000794
.0000794
.0000433
.0000144
.0000361
.0001371
.0001803
.0002236
.0001226
.0001226
.0001297
.0001586
.0001369
.0001801
.0002089
.0002521
.000144
.0001656
.00018
.0002015
.0001943
.0002158
.0002877
.0002229
.0001797
.0001438
.0001581
.0002515
.0002443
.0002801
.000158
.0001579
.0001436
.0001364
.0001866
.0002152
.0002726
.0001721
.0001362
.0001219
.0001362
.000172
.0001935
.0001935
.0001075
.0000215
.0000716
.0001146
.0001933
.0002076
.0002076
.0002004
.0001717
.0002361
.0002074
.0002574
.0002645
.0003145
.0003001
.0002571
.0002642
.000207
.0001784
.0001142
.0001926
.000214
.0002425
.0003494
.0003422
.0003991
.0003703
.0004486
.0004484
.0003486
.0003342
.0002844
.0003838
.0004972
.0005539
.0003692
.0001348
.0002057
.0002624
.0006026
.0005668
.0005314
.0003681
.000283
.0005234
.0004454
.0006148
.0006073
.0006917
.0005432
.0003807
.0002466
.0001691
.0002113
.0002535
.0003942
.0002604
.0002744
.0001829
.0003375
.0003023
.0003865
.0003934
.0004424
.0004142
.0003158
.0002876
.0002805
.0003855
.0003154
.0002803
.0002311
.0003011
.000245
.000126
.0001119
.0001959
.0002169
.0001749
.0001189
.0001189
.0001258
.0001328
.0001328
.0001258
.0001327
.0001327
.0001048
.0001117
.0001187
.0001606
.0001187
.0001117
.0001117
.0000768
.0001047
.0000837
.0001326
.0000907
.0000977
.0000767
.0000628
.0000488
.0000279
.0000558
.0000488
.0000558
.0000558
.0000488
.0000697
.0000558
.0000906
.0000767
.0000767
.0000488
.0000279
.0000279
.0000348
.0000418
.0000348
.0000139
.0000348
.0000418
.0000488
.0000557
.0000488
.0000488
.0000139
.0000139
.0000209
.0000418
.0000557
.0000696
.0000557
.0000418
.0000279
.0000279
.0000348
.0000209
.0000139
6.96e-06
.0000139
.0000278
.0000209
.0000139
6.96e-06
.0000139
.0000139
.0000278
.0000209
.0000278
.0000139
.0000209
.0000139
.0000139
.0000139
.0000209
.0000209
.0000139
.0000139
6.96e-06
.0000139
.0000209
.0000209
.0000139
.0000139
.0000139
.0000139
0
0
0
0
.0000139
.0000348
.0000348
.0000209
0
0
0
6.96e-06
.0000139
.0000139
6.96e-06
0
.0000139
.0000139
.0000348
.0000209
.0000209
0
6.96e-06
.0000487
.0000557
.0000487
.0000139
.0000139
.0000139
.0000139
6.96e-06
6.96e-06
0
.0000139
.0000139
.0000209
.0000209
.0000209
.0000139
.0000139
.0000139
.0000139
0
0
.0000139
.0000139
.0000209
6.95e-06
.0000278
.0000278
.0000348
.0000209
.0000348
.0000278
.0000417
.0000209
.0000278
6.95e-06
.0000139
.0000139
.0000417
.0000348
.0000417
.0000139
.0000139
6.95e-06
.0000139
.0000278
.0000278
.0000278
.0000139
6.95e-06
0
6.95e-06
.0000348
.0000348
.0000348
.0000208
.0000347
.0000417
.0000417
.0000417
.0000764
.0000764
.0000764
.0000347
.0000347
.0000208
.0000208
.0000278
.0000695
.0000695
.0000625
.0000208
.0000278
.0000278
.0000625
.0000694
.0000555
.0000208
.0000208
.0000347
.0000417
.0000347
.0001249
.0001458
.0001458
.0000833
.0000763
.0000971
.0001387
.0001595
.0001318
.0000485
.0000139
.0000347
.0000763
.0001109
.000104
.0000624
.0000624
.0000762
.0000832
.0001039
.0001039
.0003256
.0003117
.0002978
.0001177
.000083
.0001176
.0001038
.0001245
.000083
.000083
.0000761
.0000761
.0000968
.0000899
.0001037
.000083
.0000622
.0000484
.0000207
.000076
.0000968
.0001106
.0000622
.0000276
.0000207
.0000207
.0000484
.0000622
.0000553
.0000484
.0000345
.0000898
.0000691
.000076
.0001243
.0001381
.0001795
.0001035
.0001242
.000069
.0000759
.0001035
.0001242
.0000966
.0000552
.0000759
.000069
.0001379
.0001517
.0002206
.0001792
.0001516
.0001516
.0001102
.0001653
.0001653
.0001928
.0002203
.0001583
.0002547
.0001514
.0002271
.0001101
.0002132
.0002063
.00022
.0001512
.0000825
.0000893
.0001031
.0001443
.0001649
.000103
.0001305
.0000755
.0001511
.0001304
.0001785
.0001578
.0001304
.0001098
.0000686
.0000617
.0000755
.0001029
.000096
.0000891
.0000754
.0000617
.0000686
.0000548
.0000823
.0000617
.0000617
.000048
.0000274
.0000411
.000048
.0000685
.0000685
.0000617
.0000822
.0000617
.0000891
.0000685
.0000753
.0000616
.0000548
.0000479
.0000274
.0000411
.0000548
.0000479
.0000274
.0000205
.0000342
.0000411
.0000411
.0000411
.0000616
.0000548
.0000479
.0000137
.0000137
.0000137
.0000137
.0000205
.0000137
.0000137
.0000342
.0000411
.0000479
.0000274
.0001232
.00013
.0001163
.0000205
6.84e-06
