.3245565
.2332522
.3499188
.3282814
.3508788
.3487837
.4155982
.3270797
.3843593
.368343
.3809309
.3690959
.3821147
.2746087
.2422492
.213342
.1828359
.1726549
.1723101
.1765688
.1595425
.1692137
.1615557
.1411718
.1411268
.1201486
.0946083
.0935391
.0950872
.0877922
.0880252
.0819016
.0705887
.0601889
.0550107
.0489104
.0434873
.0392118
.0356741
.031874
.0297433
.0283006
.0269632
.0229272
.0231808
.0214308
.0213386
.0200663
.0221601
.0202458
.0185296
.0169806
.0162004
.0145734
.0143548
.0142151
.0140332
.0115967
.0108981
.0096321
.0085986
.007471
.0079048
.0107912
.0095094
.0088626
.0088321
.0106398
.0077266
.0084096
.0086698
.0081714
.0059933
.0049827
.0046207
.004937
.0056098
.0052084
.0052779
.0046743
.0039071
.003237
.0035609
.0033925
.0037928
.003098
.0026938
.0021409
.0021458
.0016869
.0021627
.0025703
.0027036
.0022097
.0021077
.0019913
.001513
.0013618
.0014588
.0015685
.0016026
.001428
.001561
.0015339
.0016541
.0015411
.0016128
.0013178
.0011214
.0009128
.0010692
.0010316
.0012125
.0012602
.0011263
.0007618
.0006283
.0006154
.000651
.0006389
.0007228
.0006504
.0004332
.0003126
.0005408
.0004324
.0006123
.0006361
.0006
.0005034
.000599
.0004669
.0004667
.0004786
.0004185
.0003824
.0003584
.0003463
.0004178
.000358
.0003697
.0003339
.0003696
.0002622
.0002383
.0001548
.0001548
.0000595
.0000476
.0000357
.0000119
.0000119
.0000119
.0000595
.0000714
.0001547
.0001904
.0002023
.0002141
.0002617
.0001665
.0001664
.0001664
.000107
.0000475
.0000475
.0000356
.0000356
.0000475
.0000832
.0000832
.0000594
.000095
.0001069
.0001425
.0001425
.00019
.0001543
.0001306
.0000593
.0000593
.0000475
.0000356
.0000712
.0000949
.0001186
.0001067
.0001186
.0001541
.0001423
.0001541
.0002015
.0002133
.0001777
.0001777
.0001895
.0001184
.0001302
.0001184
.0001302
.0001065
.0001183
.0001065
.0001893
.0002247
.0002129
.0002247
.000201
.0002127
.0001772
.0002127
.0002481
.0002717
.0001889
.0002125
.0002242
.0002124
.0002477
.0002359
.0002122
.0001533
.000165
.0001178
.000106
.000106
.0001414
.0001178
.0001766
.0003649
.0006471
.0006939
.0008111
.0009867
.0008569
.0007736
.0009254
.0011115
.0009469
.0014711
.0015392
.0015026
.0018363
.0022977
.00236
.0026208
.0032596
.0032031
.0031831
.0038533
.0043835
.005105
.0059457
.0066149
.0065718
.0065697
.0064111
.0065914
.0073968
.0073609
.0079422
.00843
.0078154
.0078933
.008496
.0084978
.0083597
.0090114
.0085569
.0080704
.0082082
.0079463
.0082432
.0083288
.0080771
.007532
.0079669
.0082746
.0081515
.010154
.0101983
.0092513
.0081963
.0070993
.0050934
.0043887
.0048917
.004794
.0050284
.0051362
.0051043
.0045814
.0043392
.0041827
.0034623
.0037664
.0032143
.002667
.0028561
.0031591
.0028367
.0032849
.0032391
.0028805
.0024187
.0022676
.0020577
.0024461
.0026881
.0029693
.0028607
.0024329
.0022432
.0023306
.0019783
.0027353
.003013
.0029823
.002739
.0028901
.002242
.0023059
.0023698
.0024868
.0025657
.002515
.0023939
.0023725
.0021912
.0021329
.0025743
.0024711
.0023149
.0024749
.0024993
.0023704
.0026115
.0026959
.0022967
.0022176
.0020262
.0017926
.0016567
.0018164
.0017983
.0017577
.0017912
.0018976
.0018436
.0018693
.0017858
.0018547
.001606
.001575
.0014569
.0013252
.0012792
.0013642
.0013768
.0014606
.0015731
.0014846
.0015184
.0015661
.001542
.0015679
.0015231
.0015493
.0016243
.001713
.0017802
.0019458
.0021176
.0019602
.0019004
.0019243
.0019826
.0020748
.0024586
.0025504
.0025311
.0025867
.0025795
.0025035
.0026744
.0027975
.0027832
.0028362
.0028152
.0028533
.0030458
.0031841
.0032408
.0033976
.0032285
.0030724
.002964
.0029543
.0031071
.0032421
.003291
.0032111
.0030786
.0025918
.0026605
.0028626
.0029701
.0029625
.003109
.0028022
.0025644
.0025131
.0024067
.0024633
.0025332
.0023395
.0020236
.0020319
.0019337
.0018061
.0017595
.0018435
.001668
.0014133
.0014109
.0013474
.0012905
.0013011
.0014277
.001237
.0011199
.0011246
.0010686
.0009641
.0009755
.0010653
.0010157
.0009605
.0009293
.0009948
.0008132
.0007523
.0007458
.0006731
.0005344
.0006421
.0006537
.0006532
.000611
.0006108
.0004787
.0003708
.0003407
.0003645
.0005314
.0006505
.0006861
.0006143
.0006022
.000411
.0002976
.0002618
.0002677
.0002498
.0002913
.0002675
.0002912
.0003149
.000291
.0002256
.0002671
.0002374
.0001958
.0002076
.0002076
.0001542
.0001304
.0001304
.0000948
.0000889
.0000711
.000077
.0000829
.0000829
.0000889
.0000948
.0000829
.000077
.000077
.0000592
.0000474
.0000592
.0000474
.0000355
.0000533
.0000533
.0000414
.0000533
.000071
.0000473
.0000533
.0000592
.0000414
.0000237
.0000296
.0000473
.0000414
.0000473
.0000473
.0000532
.0000355
.0000355
.0000296
.0000355
.0000237
.0000237
.0000237
.0000414
.0000414
.0000591
.0000532
.0000473
.0000473
.000065
.0000473
.0000532
.0000591
.0000473
.0000296
.0000473
.0000532
.0000591
.0000827
.0001005
.0000827
.0000886
.0000886
.0001004
.0000945
.0001063
.0001063
.0001063
.0000649
.0000886
.0001004
.000118
.0001239
.0001711
.0001593
.0001357
.0001121
.0001298
.0001061
.0000884
.0000943
.0000943
.0000766
.0000589
.0000825
.0000825
.0000825
.0000825
.0000943
.0000766
.0001001
.0001237
.000159
.0001531
.0001472
.0001178
.0000883
.0000883
.0001
.0001059
.0001294
.0001706
.0001765
.0001764
.0001941
.000194
.0001705
.0001587
.000141
.0001293
.0001351
.0001527
.0001175
.0001468
.0001409
.000135
.0001057
.0001232
.0001056
.0001174
.0001467
.0001584
.000129
.0001232
.0001231
.0001055
.0001055
.0001114
.0001231
.0001055
.0000879
.0000703
.000082
.0000586
.0000644
.0000644
.0000761
.000082
.0000996
.000082
.0001171
.0001873
.0002049
.0002107
.0002282
.0001697
.0001053
.0000936
.0001052
.0001228
.0001987
.0002046
.0001929
.000187
.0002278
.0001986
.0001927
.0002043
.0001868
.0001751
.0001692
.0002217
.0002624
.0002915
.0003089
.0002972
.000268
.0002854
.0003842
.0004015
.0004596
.0005234
.0004825
.0004299
.0003833
.0004411
.0004467
.0005219
.0005564
.000562
.0005501
.0005497
.0005956
.0005895
.0006816
.0006869
.000675
.0007378
.0007201
.0006908
.000811
.000868
.0008555
.0008436
.0007916
.0006933
.0006927
.0006806
.0008058
.000817
.0009132
.0008612
.000849
.0009049
.0010862
.0011641
.0011692
.0011906
.0012682
.0013173
.0014953
.0016741
.0021042
.00219
.0021978
.0021365
.0022001
.0019434
.0022382
.0025877
.0025874
.0025993
.0026874
.0023445
.0020805
.0022989
.002349
.0023488
.0023012
.0023074
.0019447
.0017957
.0019898
.0020667
.0020625
.0021499
.0022533
.001848
.00159
.0015815
.0015045
.0013699
.0012469
.0014986
.001275
.0010526
.0010828
.0012497
.0011007
.0010789
.0011775
.0011864
.000971
.000949
.0010575
.000963
.0009097
.0009352
.0008461
.0007052
.0007876
.0007557
.0008018
.0008321
.0008677
.000733
.0006139
.0005773
.0004996
.0005095
.0005557
.0005503
.0004935
.0004522
.0004056
.0004465
.0004668
.000482
.0005024
.0004714
.0004148
.0005015
.0005217
.0005113
.0004958
.0004599
.0003931
.0004031
.0004387
.0004029
.0004232
.0004942
.0004481
.0004377
.0004631
.0005493
.0005488
.0005639
.0005788
.0005837
.0005681
.0004663
.0005066
.0005164
.0006224
.0006372
.0007025
.0005962
.0006009
.0005802
.000615
.0006901
.0007855
.0007549
.0007142
.0006633
.0004921
.0005069
.0005167
.0006316
.0006562
.000721
.0006406
.0006503
.0005697
.0004894
.0004891
.0005438
.0006033
.0005183
.0005628
.0005526
.0005523
.0004972
.0005318
.0005414
.0004965
.000526
.0004861
.0005106
.0004014
.0003666
.0002625
.0003415
.0003562
.0004401
.0004895
.0005042
.0004347
.0003308
.0002517
.0002664
.0002516
.0002219
.0002022
.0002416
.0001971
.0001922
.0002463
.0002906
.0002806
.0003003
.0003051
.0002706
.0002164
.0001967
.0001672
.000172
.0001179
.0001769
.0001867
.000167
.0002063
.0002259
.0002258
.0002503
.0002944
.0002649
.0002697
.0002745
.0002793
.0002646
.0003331
.0003085
.0002791
.0002643
.0003083
.0002348
.0003569
.0003471
.0004398
.0004298
.000459
.0004587
.0005658
.0005605
.0006187
.0006088
.0006035
.0005448
.0006027
.0006217
.0007281
.0007276
.0007177
.0008525
.0008132
.000827
.0009133
.0009756
.0007525
.0007617
.0007225
.0005968
.0006204
.000716
.0007827
.0007966
.0008297
.0007765
.0006274
.0006125
.0006693
.0006594
.000659
.0006445
.0005344
.0003766
.0003336
.0003429
.0004094
.0004569
.0004805
.0005183
.0004658
.0004466
.0004226
.0004272
.0003843
.0003984
.0003366
.0002797
.0002606
.0002984
.0003125
.0003124
.0003029
.0003028
.0002412
.0002411
.0002836
.0003025
.0002835
.0002692
.0002314
.00017
.0001794
.0001793
.0002029
.0001981
.000217
.0002169
.0002027
.0002027
.0002309
.0002638
.0002543
.0002684
.000306
.0002683
.0002117
.0002305
.0002352
.0001975
.0002256
.0002632
.0002255
.0002537
.0002724
.0003004
.0003144
.0003519
.0003377
.0003095
.0003
.000417
.0004683
.0004962
.0005101
.0005567
.0004581
.0004719
.0005136
.0005927
.0005691
.0005596
.0005592
.0005309
.000512
.000521
.0005673
.0005437
.000562
.0005617
.0004965
.000473
.0005099
.0005697
.000574
.0006247
.0005967
.0005778
.0004481
.0004524
.0004522
.0004843
.0004564
.000507
.000456
.0004972
.0005061
.0005427
.0005057
.0005192
.0005189
.0005003
.0004725
.0005639
.000582
.0005404
.0005356
.0006131
.0005258
.0005986
.0006622
.0007485
.0006704
.0006338
.0007106
.0006646
.0006867
.0007454
.0008133
.0005766
.0005128
.0004534
.000444
.0005162
.0007376
.0008774
.0008994
.0008492
.0008034
.0006583
.0006802
.0007471
.0008411
.0007329
.0006518
.0004672
.0005968
.0004843
.0007035
.0008644
.0009402
.0007377
.0008043
.0006117
.000629
.000593
.0005615
.000441
.0004186
.0003115
.0003114
.0003467
.0004222
.0005375
.0004619
.000444
.0003373
.0003061
.0002172
.0002527
.0002438
.0002083
.0001462
.0001727
.0001417
.0001284
.0001328
.0001594
.0000974
.0000885
.0003318
.0007162
.0007426
.0007822
.0008042
.0005431
.0001587
.0001675
.0001322
.0001278
.0001366
.0001454
.0000793
.0000617
.0000572
.0000748
.0002201
.0002597
.0002993
.0002772
.0002464
.0001143
.0000967
.0000923
.000145
.0001538
.0001231
.0002021
.0001845
.0001406
.0001362
.0001801
.0001054
.0001053
.0001229
.0001404
.0001009
.0001272
.0001448
.0001404
.0001579
.0001886
.0001666
.0001534
.0001534
.0001402
.0001314
.0001183
.0001227
.0001402
.0001314
.0001532
.0001532
.0001663
.0001444
.0001444
.0001138
.0000963
.0001006
.0001312
.0001356
.0001312
.0001312
.0001049
.0000787
.0000656
.0000524
.0000699
.0000524
.0000306
.000035
.0000437
.0000393
.0000524
.0000655
.0000524
.0000393
.0000393
.0002053
.0002184
.0002271
.0002664
.0002925
.0001134
.0000873
.000096
.0000741
.0000741
.000109
.0001308
.0001221
.000109
.0000959
.0000697
.0000959
.0001351
.0001612
.0001525
.0001612
.0001132
.0000827
.0000871
.0001045
.0001132
.0001262
.0001262
.0001175
.0001001
.0000914
.0000914
.0000914
.000087
.0000739
.0000565
.0000609
.0000739
.0000609
.0000739
.0000739
.0000696
.0000522
.0000652
.0000782
.0000869
.0000782
.0000652
.0000478
.0000261
.0000304
.0000391
.0000521
.0000521
.0000434
.0000434
.0000304
.0000347
.0000347
.0000478
.0000521
.0000521
.0000347
.0000304
.0000261
.000013
.0000217
.0000261
.0000304
.0000217
.0000174
8.68e-06
.000013
.0000174
.0000174
.000026
.0000304
.0000217
.0000174
.0000174
.000013
.0000174
.0000174
.000026
.000026
.0000217
.0000217
.0000217
8.68e-06
8.68e-06
.000013
4.34e-06
4.34e-06
8.68e-06
8.68e-06
4.34e-06
4.34e-06
8.68e-06
4.34e-06
4.34e-06
4.34e-06
4.34e-06
0
0
4.34e-06
.000013
.0000174
.0000304
.0000391
.0000391
.0000347
.0000304
.0000217
.0000217
.000026
.0000347
.0000434
.0000564
.0000564
.0000477
.0000477
.0000434
.000026
.0000217
.0000217
.0000173
.0000217
.000039
.0000434
.0000477
.000065
.0000607
.0000477
.000039
.0000477
.0000347
.0000303
.0000433
.000052
.0000563
.0000433
.0000563
.0000563
.0000607
.000052
.0000693
.0000693
.0000563
.0000606
.000078
.000065
.000052
.000052
.0000563
.0000303
.0000563
.0000736
.0000693
.0000563
.0000563
.000039
.0000909
.0001169
.0001471
.0001558
.0001688
.0001427
.0001427
.0001168
.0001773
.0001945
.0001902
.0001686
.0002117
.0001901
.0001641
.000177
.0002332
.0002374
.0002028
.0002201
.0002071
.0001682
.0001983
.0002199
.0002284
.0002069
.0002198
.0001637
.0001421
.0001636
.000198
.0002109
.0001808
.000198
.0001721
.0001333
.0001376
.0001849
.0001677
.000129
.0001161
.0001074
.0000816
.000116
.0001675
.0001933
.0001933
.0002018
.0002189
.0001931
.0002317
.0002574
.0002788
.0002701
.0002872
.0002829
.0002357
.0002056
.0001713
.000197
.0001755
.0001926
.0002995
.0003123
.0003165
.0003933
.0004359
.0003759
.0003972
.000397
.0003243
.0003583
.0004263
.0004475
.0003792
.0003366
.0003407
.0002383
.0003658
.0004593
.0004763
.0004632
.0004716
.0004287
.0003904
.0005217
.0005722
.0006356
.0005336
.0005334
.0004147
.0002707
.0002452
.0002409
.0002788
.0002534
.0003041
.0002618
.0003039
.0002489
.0003374
.0003752
.0004046
.0003834
.0003833
.0003453
.0003157
.0003492
.000286
.0002944
.0003153
.0002984
.00021
.0002016
.0001974
.0001889
.0001511
.0001553
.0001846
.0001552
.0001133
.0001342
.00013
.0001174
.0001425
.0001341
.0001006
.0001299
.0001299
.0001173
.0001215
.0001341
.0001173
.0000963
.0001005
.0000963
.0001089
.0000879
.0001088
.0000921
.0000753
.0000586
.0000544
.0000502
.0000418
.0000502
.0000544
.0000544
.0000586
.0000586
.0000753
.0000711
.0000753
.0000627
.0000544
.0000376
.0000376
.0000334
.0000293
.0000293
.0000376
.0000334
.0000334
.0000502
.0000543
.0000418
.0000334
.0000334
.0000209
.0000293
.0000376
.0000543
.0000543
.0000501
.000046
.0000376
.0000292
.0000251
.0000209
.0000167
.0000167
.0000167
.0000167
.0000167
.0000167
.0000167
8.35e-06
.0000209
.0000209
.0000209
.0000209
.0000251
.0000125
.0000167
.0000167
.0000167
.0000167
.0000167
.0000167
.0000125
.0000125
.0000167
.0000167
.0000125
.0000209
.0000167
8.35e-06
8.35e-06
8.35e-06
0
0
8.35e-06
.0000209
.0000209
.0000209
.0000209
.0000125
0
4.18e-06
8.35e-06
8.35e-06
8.35e-06
8.35e-06
.0000125
8.35e-06
.0000209
.0000209
.0000209
.0000125
.0000167
.0000292
.0000334
.0000334
.0000376
.0000376
.0000125
.0000125
.0000125
8.35e-06
4.17e-06
.0000125
8.35e-06
.0000125
.0000209
.0000209
.0000125
.0000209
.0000167
8.35e-06
8.35e-06
8.35e-06
8.35e-06
8.35e-06
.0000125
.0000125
.000025
.0000209
.000025
.000025
.0000376
.000025
.0000334
.0000292
.0000292
.0000167
.0000209
.0000125
.0000292
.000025
.0000334
.0000292
.000025
.0000125
.0000167
.0000167
.0000209
.000025
.0000209
.0000167
8.34e-06
8.34e-06
.0000209
.0000209
.000025
.0000334
.0000375
.0000292
.0000375
.0000417
.0000625
.0000625
.0000625
.0000584
.0000584
.0000292
.000025
.0000292
.00005
.0000458
.0000542
.00005
.0000458
.0000292
.0000458
.00005
.00005
.0000417
.0000458
.0000333
.000025
.0000333
.0000958
.0001
.0000999
.0001208
.0001249
.0000833
.0001165
.0001332
.0001124
.0000999
.0000832
.0000499
.0000499
.0000707
.0000832
.000079
.0000873
.0000832
.0000624
.0000873
.0001081
.0002203
.0002286
.0002369
.0002285
.0002161
.0001121
.0001038
.0001121
.0000913
.0001038
.0000872
.0000747
.0000871
.0000913
.0000871
.0000913
.000083
.0000581
.0000498
.0000664
.0000664
.0000788
.0000746
.0000705
.0000456
.000029
.0000332
.0000456
.0000456
.0000497
.0000539
.0000705
.0000539
.0000663
.000116
.000116
.0001201
.0001367
.000145
.000087
.0000994
.0000994
.0000994
.0000828
.0000911
.0000993
.0000621
.0000993
.0001324
.0001613
.0001613
.000182
.0001695
.0001364
.0001488
.0001612
.0001612
.0001901
.0001901
.0002148
.0001817
.0002106
.0001486
.0002146
.0001815
.0001898
.0001691
.000165
.0001155
.0001072
.0001196
.0001237
.0001195
.0001442
.0001071
.0001236
.0001236
.0001524
.00014
.0001565
.0001276
.0001029
.0000864
.0000782
.0000864
.0000782
.0000905
.0000946
.0000699
.0000699
.0000699
.0000658
.0000617
.0000699
.0000535
.0000452
.0000452
.0000452
.0000493
.0000576
.0000658
.000074
.0000658
.0000781
.000074
.000074
.0000658
.0000699
.0000493
.0000411
.0000493
.0000452
.000037
.000037
.0000411
.0000329
.0000288
.000037
.0000411
.0000534
.0000493
.0000452
.000037
.0000329
.0000164
.0000123
.0000164
.0000164
.0000123
.0000287
.0000328
.0000287
.0000369
.0000985
.0000862
.0000821
.0000821
.0000739
